659 675 588 546 747 851 736 719 699 380 664 64 537 
359 458 212 531 180 603 89 820 188 644 933 996 273 541 605 34 101 655 
825 222 50 671 948 825 670 130 29 677 780 816 131 581 722 736 
521 123 92 849 380 921 169 896 523 413 96 162 99 445 469 
171 486 
549 809 
517 672 
796 
572 100 101 930 31 355 
972 361 181 976 830 682 993 309 457 190 72 690 351 8 246 956 828 268 589 531 99 295 335 863 822 299 490 373 983 969 752 888 645 560 522 390 27 84 426 846 661 203 522 359 466 818 424 800 303 361 
993 371 944 
255 368 165 240 411 865 547 103 364 816 907 623 520 464 34 143 
78 486 339 425 869 555 449 595 4 148 915 546 659 384 388 760 685 48 708 618 160 565 103 815 839 885 497 97 517 859 710 
848 646 578 
7 210 828 490 720 151 222 214 644 947 923 577 987 555 52 437 275 179 395 
142 530 246 
648 436 177 388 
65 481 874 582 208 514 536 723 838 823 896 379 489 908 233 837 587 
190 

719 14 544 466 3 832 
712 
631 163 743 993 212 870 221 
410 690 628 428 498 434 313 792 773 108 417 365 994 565 334 238 994 572 
247 678 630 10 130 647 409 355 506 80 851 934 264 107 128 720 605 491 884 586 303 307 557 645 848 912 958 275 308 
993 837 607 
734 461 334 322 909 546 288 554 446 237 216 467 713 219 934 492 132 86 994 454 861 634 603 323 571 472 462 670 320 
350 
217 136 411 832 491 695 5 239 377 
433 342 20 705 291 
900 138 919 12 40 153 266 766 767 666 
883 637 744 359 398 320 74 397 180 745 193 396 250 772 961 41 783 622 658 7 69 562 602 102 180 299 459 105 336 670 668 709 969 832 152 159 695 952 128 393 369 603 433 884 58 644 134 982 305 622 40 151 896 256 127 311 123 426 444 480 948 472 738 913 477 177 362 143 915 658 691 923 839 163 445 466 363 353 294 380 596 501 184 921 620 774 545 722 745 
665 931 
82 914 33 888 600 428 
118 579 333 301 917 422 469 98 742 701 
206 13 767 
25 500 787 
884 
387 496 755 648 726 216 604 326 818 313 301 355 374 475 979 538 49 70 72 919 466 394 377 686 346 627 646 374 340 285 58 969 747 974 795 311 157 244 527 593 362 138 984 574 798 248 37 472 467 471 876 772 765 59 485 328 413 367 427 167 480 518 114 591 118 946 789 581 184 254 808 899 971 765 212 
999 632 384 134 951 
112 536 940 27 575 978 841 634 
791 150 
651 226 953 289 74 601 241 976 834 287 
516 839 245 
384 328 221 798 731 781 24 
960 761 496 259 861 29 212 878 463 412 381 53 761 63 426 495 754 591 
335 980 254 687 294 987 901 490 872 453 870 286 
76 393 726 674 17 138 768 2 744 188 614 240 598 526 114 63 351 667 693 
512 374 520 496 959 760 968 
412 206 159 
575 182 550 668 486 833 31 478 447 387 198 703 652 602 788 100 69 
990 210 543 966 321 861 370 587 45 112 118 
488 
401 
513 202 233 368 261 600 547 423 686 389 618 969 873 954 385 994 505 485 628 644 671 600 818 499 164 884 474 749 490 905 211 


719 424 615 298 674 442 133 251 547 505 807 417 342 946 
332 737 18 931 
264 219 261 416 442 85 822 
69 107 299 390 579 793 811 738 361 585 38 763 892 202 881 278 607 311 172 229 963 228 994 653 229 724 
446 371 564 258 916 963 83 925 641 638 230 182 927 693 
162 361 541 119 807 724 296 382 557 
307 
940 

793 581 321 377 
535 421 404 457 507 204 274 166 66 496 263 157 471 211 
569 858 483 143 797 533 424 864 572 649 865 716 44 989 303 882 465 
647 248 

789 964 810 224 207 156 915 10 105 39 888 796 516 596 140 477 911 793 502 765 598 291 877 772 6 61 171 262 278 903 137 821 563 260 317 528 5 732 279 512 434 98 562 424 556 
19 386 183 356 966 353 569 401 805 862 664 
767 254 608 671 224 169 288 686 562 


856 522 597 774 
353 919 63 163 167 
690 310 708 723 959 563 379 844 913 937 13 135 732 399 886 124 866 122 559 877 985 
784 909 429 568 573 467 575 225 509 801 112 352 
673 
826 172 323 903 972 551 218 336 695 136 324 157 

