3784
3361
1563
3015
763
3001
2542
1813
2251
4465
4313
3212
1069
48
4830
2624
4012
1733
609
984
4181
3721
129
130
1964
1456
4481
616
4366
1553
906
1746
4617
489
980
1804
2281
1010
844
233
1436
1914
792
3663
1512
3785
3209
1029
51
115
112
3506
1987
1024
4908
4344
864
3560
59
114
1407
4202
279
3361
1912
1366
2507
253
2914
3546
3878
1842
1133
355
1087
4521
3648
940
1922
520
4420
2659
1817
2589
3377
3858
2735
4511
2151
1507
689
2325
4008
4144
4150
4588
4365
866
256
2610
2574
3528
2683
4480
477
1731
2022
648
3845
2831
1360
1420
2655
2645
4077
3599
1597
4510
3777
2783
3187
3106
2212
2923
4419
1219
654
3673
4888
2907
4053
1972
2309
4309
3788
684
3358
1411
3990
2454
1303
2820
172
438
4508
3472
2652
754
2193
3470
1995
1545
3315
213
3411
2587
3790
4538
3952
3563
2841
2603
2823
906
463
3513
3049
2150
2343
3811
3095
1427
286
3000
3030
3984
1715
3661
2405
4349
1844
2729
1836
2340
3863
876
2175
2542
571
1415
1995
4127
4568
1880
2905
3597
980
268
1809
268
4216
1771
1776
1294
3426
1438
3397
393
2460
4084
1144
4153
1757
3014
4309
872
4839
4959
3264
627
3273
1200
992
2167
93
3323
3041
4771
636
4670
2436
592
2745
482
418
2935
1188
469
2994
2697
4144
733
3551
2085
1510
4326
909
309
3235
2445
4917
1922
1544
1446
943
3642
3656
4099
4383
1935
1808
3318
1091
1137
378
2490
4044
3934
4098
3396
4564
321
3381
2487
4479
4537
3510
2097
4157
748
4723
3976
3942
2588
2328
1209
2335
4744
2018
2034
4956
1438
4166
3782
2190
776
3779
3225
2319
1260
3285
2261
1876
2384
468
580
2891
1750
765
3798
900
908
1959
4774
2861
2096
936
3280
2216
3058
4545
1766
192
4642
3520
668
1172
1915
1596
3240
4547
4656
478
1142
4721
4935
2686
1362
2921
4507
3579
639
2939
278
1815
184
3295
2694
2747
4725
891
327
3663
1360
2930
1754
2972
1785
4502
52
1157
439
207
1642
2467
4551
1684
1484
4297
1306
1113
1904
624
2562
1402
1432
380
669
4279
478
3198
3574
4688
759
4938
2928
2883
758
1764
1444
2435
3147
1775
77
652
3587
3878
4042
4605
1401
479
4236
3652
1349
3404
3248
136
2717
4652
4583
19
2089
1634
1596
958
2723
1460
4774
2706
2950
894
463
3484
3855
4208
3068
4641
2402
4934
2134
1347
4822
3390
1863
3594
3027
4023
2881
86
3330
1384
4860
3827
4174
1927
4831
3078
2050
4459
4785
1928
2939
268
3392
2185
1760
1201
4906
3343
2775
1458
82
3030
505
2176
3253
1938
3201
4114
381
2147
2705
4313
4557
4192
2229
3549
2519
448
3196
2689
435
1948
877
2621
3520
4097
70
4179
3976
2565
3243
1572
647
2335
4140
4660
2588
1556
911
4211
3404
1008
1665
317
2386
2010
63
3805
3171
1259
3618
813
2618
2111
226
2449
2871
3573
2762
3781
1014
4988
116
4531
325
198
1110
2882
1941
4962
4046
4915
1109
684
730
3798
3875
48
2027
597
4037
1423
3859
1015
1815
1401
2764
3688
2741
452
4667
4862
4644
4003
253
4119
4884
811
3728
3097
2968
4842
3269
1891
4161
2376
117
602
2976
3483
2482
2430
1099
3949
2999
3623
1394
2905
810
2034
2626
3366
313
4264
841
4339
2123
3024
3291
4924
1233
3011
213
3524
2556
1401
1424
2148
1432
259
2688
4898
2938
2337
1846
1797
438
1485
4306
424
2229
4319
4061
4741
4460
2506
702
900
3672
694
1019
1548
2561
79
3339
2441
1428
311
1034
3247
3750
4280
4436
1518
1613
2252
2501
2254
4113
1129
4161
4629
3196
4671
1783
2487
2725
2091
2675
997
4459
2713
45
177
3040
437
1596
1504
2716
547
4862
1017
3068
1161
4228
2974
1106
3641
3026
865
2815
531
1381
3065
967
2818
2032
1076
3188
1437
3096
1583
4053
265
1079
2403
463
3902
2654
4194
4796
4639
1286
1292
1780
310
3728
771
1258
1335
4883
1429
33
2419
2583
3451
574
4088
2552
469
3623
4247
3421
1481
3636
4063
3569
2540
1781
2808
1002
4703
4893
2946
2416
3693
4741
887
1416
1589
756
766
3274
1539
1182
433
1199
916
362
3873
2055
4418
3200
137
2458
4692
1634
953
3469
3689
3643
3172
4016
4094
238
1428
1333
3335
968
732
1427
4515
3832
2429
2133
2579
4142
2965
3013
227
1986
934
4060
2698
3550
171
4134
2623
319
2848
465
2213
1855
226
4191
304
4143
3341
389
4656
4708
2437
2483
4973
263
1886
1900
884
3185
4856
4464
3025
2646
1325
1985
1109
2698
165
266
3555
4737
4493
751
493
1923
651
4144
4212
2696
309
3440
4816
1065
1738
1726
1869
904
832
3985
422
2280
2392
4345
1126
87
1704
4052
3709
1666
2383
4486
943
1018
3998
3717
244
1279
877
1076
3571
3066
4556
2541
2536
2607
4659
349
3208
4387
3259
1835
4579
4554
1079
1568
985
3132
4325
4454
1111
1800
2
1618
2348
3066
1773
3564
3128
1513
3250
609
3541
2964
2834
1254
4792
3831
3136
2967
4409
2656
3759
2097
1064
599
1171
165
1467
3917
1510
3886
4422
748
4252
534
1042
3631
1056
2155
2369
1683
2096
184
1689
3415
3567
4641
4583
3928
3322
1014
2758
3736
2525
156
1384
2400
3302
1520
1075
4587
1713
1782
3536
1477
1742
2993
1632
3243
3993
3932
2216
2237
961
2896
4687
3754
4171
2039
3702
1250
3351
1576
3487
658
2043
3436
4760
4404
3390
2137
722
1133
152
1308
1605
4955
1601
1412
3903
206
1719
1533
2405
3853
4835
1427
4920
3861
966
447
4428
3310
40
1862
933
2535
938
2560
4747
2451
3805
4175
424
91
410
2137
3342
1310
1099
23
2814
4438
4274
799
4767
3069
160
1343
3876
4160
336
4443
602
2851
4958
896
144
4557
2898
2426
2615
2613
2826
3843
3676
1309
2207
2677
1179
4831
2798
946
4662
3637
1761
146
3319
1652
895
3333
450
3388
1498
4033
1551
1241
2815
3894
4735
1926
1676
1128
1196
1819
3485
3541
2542
4644
2023
2840
1875
2269
2400
1421
1455
3274
2118
1190
1404
1067
4144
2669
947
3592
4266
730
932
81
3613
2888
1267
3690
4390
1035
4347
2765
3030
4717
4799
1568
4706
738
4911
1768
3131
1040
4304
2670
3880
4282
1159
3633
3995
279
1311
2364
754
3086
2353
2362
3263
29
3707
3903
3226
1019
4180
4001
157
4475
4559
1327
704
4290
4094
1704
4126
2282
4497
1688
647
3512
2439
2438
3752
2210
4893
1145
4208
2317
3749
772
1893
358
2896
471
966
920
3830
1545
2778
38
1645
1483
529
4617
953
1310
1504
2748
195
736
1619
2238
3893
1427
3703
1327
1917
846
2942
4447
1312
2160
1614
1267
2081
4074
996
2082
226
3340
2485
3751
4986
2371
2525
1575
1343
2817
603
4622
2502
3534
3829
2557
729
2006
2280
1687
2784
3995
3099
1467
2259
837
988
268
1919
3702
3995
4584
3551
4258
3390
2542
917
943
3404
1524
1609
2618
438
2976
1089
2115
2139
2533
3106
281
3203
3623
302
3665
1422
1339
2062
275
2254
4993
2706
4429
4010
2243
14
1100
517
1227
951
1392
4942
96
1351
3496
2545
769
4109
3518
2014
1733
3281
3748
1104
3666
1382
1239
1953
4061
2753
3106
2940
425
1609
1334
155
3147
1847
4825
3106
4742
2936
1757
1748
3354
4496
699
1604
2779
1585
4167
1751
3463
3997
4598
2600
695
881
877
403
601
1850
2195
3182
2206
1508
3346
4909
3584
73
3858
150
3142
3199
623
1260
4403
461
4171
2047
2204
414
2727
2476
3065
1255
4719
2985
405
526
51
3708
2897
668
4029
1172
558
1621
2168
3048
4114
3972
781
1551
3837
4404
4348
4288
2316
4685
249
4755
1829
2668
1709
382
3548
382
159
77
4685
4454
82
476
2156
4309
2561
1015
826
1337
2816
4948
1264
3850
108
1431
4889
1624
3142
3934
434
3633
4964
4822
4558
2826
3633
2798
2728
4427
3895
2066
4471
1440
4529
4379
1089
598
901
1029
3473
227
3618
4353
3603
1032
3815
1428
3411
2875
4988
3904
304
2560
1277
3793
3414
2241
4868
4347
1620
230
3598
2434
4123
2670
801
4153
3377
3918
1859
3751
4085
1425
3447
2303
2899
2873
4732
792
4938
4740
1183
3500
2741
2211
4074
2964
1543
1904
4557
2484
514
654
1100
1107
2585
3965
1849
1366
1436
4677
2403
3166
3364
1547
2254
2671
4656
2746
1461
4593
2360
2284
4102
4860
2296
2658
2941
1776
2207
752
2924
3035
664
2355
162
1159
1688
3559
3937
1491
4186
2077
1964
240
2135
4082
2768
463
3650
2822
3458
3281
3683
4675
1129
183
2258
3924
3854
4419
1023
1824
2970
4655
4831
2479
4774
3717
2850
2092
3337
3990
4818
268
4133
159
1342
2158
3259
2448
625
755
2641
2055
2036
3488
729
2269
2419
3129
3019
2071
1495
3337
3774
528
4511
1959
4787
820
373
4307
706
4464
1958
498
3897
4017
1513
774
849
2067
596
225
628
4795
131
4939
1909
4518
771
114
3038
4050
4479
3146
4960
510
2704
2758
2510
3190
1450
661
1707
4114
3500
2272
4237
2664
1064
3411
434
2286
1780
2009
426
132
1336
2653
2525
3162
2881
3511
3439
4966
3718
3748
1696
1753
1145
626
4953
1834
2856
2945
4780
4202
1613
3349
4531
1162
4066
4348
220
1674
1665
1299
2508
380
1371
2662
2673
1729
1983
2975
3444
2570
4773
47
231
3705
308
1803
515
904
4257
3664
2750
1058
3897
282
3315
3257
3640
1346
3961
3864
4243
2614
969
4834
1075
101
1298
4883
2811
1955
1975
4366
1628
1586
4588
4718
2167
1322
61
4304
2667
3890
2912
2145
2759
111
4355
2444
3562
3500
1489
1391
1705
2035
673
1471
4178
3587
119
2352
4910
1619
1575
4305
619
3085
4872
3208
4667
2471
846
4618
223
3174
4178
2222
3273
4203
45
3131
496
2851
410
782
517
594
2340
249
1222
303
1937
1696
2720
230
21
2789
3202
602
1729
2655
2792
97
3126
1415
1949
173
469
1651
3085
4415
240
4478
2922
1079
1646
239
877
881
1387
2577
3407
2610
2862
3843
489
3772
4248
4969
2649
3671
1353
2139
1957
4536
245
709
2453
950
2319
1391
276
3626
1725
4325
4975
1735
4428
2489
1722
4283
2925
1847
2055
3044
4016
4250
1200
2022
3120
1909
1191
3164
1016
3573
4620
4918
3548
501
4231
1210
4739
4698
4430
741
3211
264
377
779
1301
3628
1260
4902
3994
2900
3069
3244
367
4507
3806
3012
197
1658
2341
130
765
4467
1971
1393
770
2471
4898
1832
4350
964
2171
3456
2570
3031
1270
4349
352
2584
898
3403
795
2022
776
26
194
4040
995
1333
432
1478
267
256
1728
167
635
2369
4343
4748
4423
33
3322
1877
18
490
2370
3650
3847
450
213
581
3550
1473
1991
4718
785
2616
4017
1799
2495
2066
4008
82
2025
1639
577
1079
2580
47
860
746
2894
4276
4366
2493
4836
3283
4876
4058
4955
1733
596
4979
1398
1824
2638
709
2664
4339
1740
1178
1234
4083
2502
398
1487
4247
1760
3213
2437
2650
2144
1491
3287
3826
3507
164
3921
3141
3743
3173
1564
3788
1758
970
4827
426
2489
1698
2797
1470
507
1791
1644
2278
4416
2339
948
991
1342
944
4112
1659
875
1062
930
3659
2311
610
3841
3549
2323
3596
224
3543
1730
3810
725
2037
3223
300
455
2151
4079
2160
1892
4806
2952
1727
2289
3888
395
3175
243
4578
2734
1682
3502
2854
660
151
4364
2326
1433
4912
912
3639
161
1588
252
2441
1216
1117
4496
4702
3456
1404
1651
3609
3238
4139
4742
2361
3301
2180
4975
470
4256
2561
4340
3436
1746
4636
4530
2773
512
919
3188
3052
3937
2990
535
2911
4237
3500
1662
4316
1252
403
4329
1656
96
3832
427
3779
526
830
652
1120
4977
4890
3596
4300
1536
1047
2650
2525
1464
4635
1196
3701
3796
2305
4672
1278
285
2177
1586
825
93
1709
2070
170
1976
4813
4352
4078
2541
4293
4426
4871
825
773
2078
3983
2614
4201
2469
4700
354
2754
2504
2147
3250
3886
565
1400
984
2163
1251
4236
3682
4634
1289
1400
326
4769
3341
2673
3667
1105
1649
1092
2425
4298
2946
3428
4804
3979
2003
2906
2941
3958
4263
4589
4657
4915
3783
386
3190
2156
2227
1965
1268
2394
1604
4153
216
2838
2641
2548
3767
2634
1408
4639
4560
1537
2248
3756
1243
859
3004
80
1913
1142
1514
1868
2619
3178
1933
1374
2384
2299
2273
2766
2641
2733
1901
4958
4184
2907
2085
168
481
2544
2064
4695
3943
2242
2847
191
1681
3155
1496
182
4119
882
1649
2231
3352
4289
1361
1292
4277
1952
2660
3868
1444
4531
2037
1902
3925
2544
1625
1101
3065
1171
2945
3164
2517
3149
3800
364
345
2010
1702
2659
3869
4506
2180
1335
846
1698
4913
324
974
228
1389
3842
1322
3964
3372
4098
832
1301
3565
2786
248
2843
4883
3511
314
2442
3211
2083
3072
4167
2119
752
4638
2022
2971
4476
2407
4452
1406
4677
2042
4381
508
1430
2005
577
1537
3914
456
2410
864
3376
141
793
2445
2456
902
1985
4840
30
712
4204
4443
956
1823
422
2309
4357
3114
4431
3393
4351
1209
4188
4952
16
996
1208
366
4741
277
1087
3836
126
864
2779
3937
2742
938
3931
2566
1290
728
1760
2410
4096
4986
378
2532
2786
1896
811
2695
2603
3595
3105
2011
3161
2415
1066
2425
3763
3007
3996
2375
469
3850
467
4701
906
2309
3574
2087
362
2825
2075
3492
3180
3918
2314
3862
53
3224
1672
2107
945
89
3805
1859
761
2087
3192
2323
1422
2215
4785
4802
941
3842
47
2746
3972
1063
427
289
843
2786
989
1128
1079
4804
2566
4412
11
2114
2390
923
216
2434
3174
4793
3423
755
3456
636
1412
1700
3550
1253
1021
3896
1081
3120
522
177
1523
877
4816
2475
2174
2496
1153
754
2222
2413
1695
1358
3405
4945
1209
2070
1782
3461
3628
3635
564
1140
1757
1655
1835
4751
4830
4845
3191
4607
2399
2322
4268
443
2927
3764
4366
1810
4483
4578
3819
683
2079
3133
1293
939
1811
134
483
2863
3495
4792
1051
186
970
4734
2633
1210
1127
1368
1603
2494
2465
2098
1360
2930
3769
2374
1902
1487
4781
1012
4107
2156
1707
4086
2694
4410
399
2457
2743
3654
321
3297
4820
4560
3586
2755
4222
3892
544
385
4372
270
4609
3266
3638
2404
2805
1800
4716
447
174
3950
1287
3193
1836
4714
2080
2901
836
727
81
1076
505
2606
4073
4780
2398
4462
2492
646
4427
969
153
3463
3742
1513
4461
815
675
1083
41
1345
887
1986
2776
1434
594
3823
1756
4390
4083
4633
2161
3255
3392
2879
1609
3407
1758
3293
849
4976
454
3895
4900
1337
3033
2759
3103
2468
2661
877
4013
1110
2632
3408
2436
711
748
232
4624
3891
3820
789
3398
3440
198
3661
3060
3969
2041
1850
4687
506
4249
3787
3468
1356
4977
3781
1355
1787
912
4080
4529
2103
4912
2894
3885
4440
243
4370
1422
2389
286
4438
1890
4463
2314
2271
4658
961
1344
2429
2540
443
3309
1349
2473
3024
2023
3817
1385
548
2759
1900
2851
1490
3255
2590
4418
1156
1662
1679
716
4604
1441
3817
484
2579
2469
4342
2699
921
4858
4252
4930
1420
4770
62
1899
1812
946
4574
649
3414
2936
4391
3613
2407
3678
1032
2779
1748
4462
3677
1140
1760
2343
792
172
3094
1870
1049
1847
3583
2728
3473
4896
1349
943
1181
98
1929
4011
3609
283
2403
283
1619
974
3960
1525
1986
4695
4992
3274
2431
2460
4353
2997
1922
4466
1966
830
4112
1830
188
2193
403
3086
2102
3780
347
4951
1855
42
1484
639
4649
1585
2496
229
4523
4859
2846
112
2552
2371
546
4510
3310
4974
3464
1095
812
4300
4099
208
1248
3214
51
3204
4599
4875
2671
472
3270
3350
2382
3517
177
3266
940
3972
3442
3305
3467
421
140
665
1712
4417
3832
3632
832
929
2528
4641
1587
2374
474
1775
4352
4866
416
3226
2113
742
2662
4272
2951
4934
1363
3621
1953
394
4331
2510
634
3462
2427
2243
2393
3213
2623
2587
1908
129
3434
4388
463
2086
316
419
2706
4136
3480
2473
945
4905
1414
2471
1768
2888
2934
1123
3846
1055
4543
1379
3057
4059
367
297
2899
1457
123
3176
428
3535
2201
182
3463
401
3028
4947
369
1830
2840
3665
4216
3242
1255
4796
4336
4060
2508
1115
2708
2043
2397
4840
3611
3484
3334
3732
784
847
2740
4367
894
4668
390
3839
3332
1744
1299
4414
2830
2444
2664
4721
285
559
1577
190
320
2115
51
1886
3474
2814
4951
1612
4861
4994
289
20
2983
2606
3385
4543
1436
1798
4145
4582
1125
3369
2089
1669
272
226
2240
1506
3592
570
3812
854
4078
2163
3420
3060
1088
3424
4067
903
1305
523
847
113
905
1863
2011
4185
4878
4647
2498
740
1210
4830
558
583
3736
2569
3208
3988
1354
3745
360
2244
1900
766
2823
4972
4342
3993
4274
3482
2134
1224
1442
1298
340
3272
3466
2028
3202
4917
4601
3584
4036
1814
3905
1053
28
1615
95
2310
4098
4462
124
3607
2002
1466
819
4294
4805
2473
2140
3373
700
234
4160
1039
1554
2090
2942
2297
3626
2458
1958
1259
2290
72
300
3463
1814
1493
2014
1257
664
1624
745
2447
4526
2025
626
3411
4588
2416
201
3391
2284
4367
3442
1441
1963
1941
1063
3543
1990
2405
1192
4316
3044
958
2181
2524
1990
4476
1501
252
436
271
832
2293
4314
1650
2810
3811
4651
2975
264
4073
1325
193
1616
2016
686
3745
2188
2039
3828
806
4048
3484
611
3119
189
1204
2610
3122
2908
3896
1111
507
3799
3233
2597
997
2524
4389
963
2828
4571
818
263
2422
2826
1915
3459
1791
2719
3385
2142
3460
158
827
382
1339
1468
729
4892
905
707
3661
3696
267
3494
3075
840
4938
3344
1450
3339
2328
2936
3443
2395
1056
4640
2698
1562
2661
2254
3668
787
4313
3738
1352
3829
2698
2433
3344
2516
512
26
658
4744
321
271
3953
4130
3096
662
938
1604
820
608
1628
3480
4773
4209
567
4588
1309
1898
2232
4388
2596
4124
1940
2432
412
2702
92
552
1614
2808
3943
1350
2037
3752
726
2787
3241
2757
3436
4428
4319
1571
540
1206
3167
1574
4128
4904
517
1491
2751
3424
3453
1307
182
984
2225
3393
3034
4306
2565
4422
3909
1690
4613
1762
4808
3523
661
798
4704
3261
600
4616
3604
2422
3885
1359
3861
958
3671
144
4382
3607
4012
2096
4471
3124
1481
4899
2493
473
932
2052
3892
1716
2314
1397
3103
2747
4322
538
2375
630
1345
1201
803
1438
4951
1612
423
1742
3682
171
2312
4273
81
3955
3910
2501
2660
3580
4811
2678
1267
770
4635
1229
540
3489
4613
3794
2409
2847
1489
1840
529
4820
2610
1729
4141
4429
1878
4561
2366
922
515
2759
2221
3932
12
3841
4771
4531
124
1472
2338
767
3219
36
1987
2606
2751
4161
4554
4253
1725
3274
2727
2706
3288
924
679
329
393
2263
3834
2182
3455
24
4670
4731
625
4650
2420
1586
1826
4871
1057
125
203
1258
2184
4819
3568
1574
2373
3102
2940
4092
2581
3059
3126
1889
3541
2186
3312
3774
568
3543
2157
4492
3653
3639
2076
4048
3048
615
4330
2283
2392
970
4716
1861
25
4401
3061
4619
1699
624
1861
4535
3098
3351
3435
1111
2079
4686
388
3032
4575
28
901
980
1843
834
2029
625
232
2923
846
45
4455
1623
1598
3823
1704
432
1025
4880
2042
940
2625
385
2350
2021
1552
4774
3701
1478
1013
588
1767
935
4990
1767
3358
3842
557
2359
1538
1854
2838
2492
2342
4988
2560
2432
1779
192
3274
2563
4900
522
4007
741
1241
1782
3069
1527
1192
257
4219
4235
352
4830
753
3293
4304
3080
2908
1698
3976
3952
562
4281
2598
4088
1186
1286
2644
233
4416
342
3215
426
2192
240
4043
1315
2369
1409
2622
1609
1445
611
4138
2946
3309
1695
2231
3547
3969
3240
1313
32
1993
3066
1517
2069
4542
67
4521
2538
4548
585
1917
2364
3004
1836
93
802
4861
1389
4208
1236
3771
1902
1998
4091
3267
2268
1677
3133
2733
3291
2916
4648
4971
3433
3540
2193
489
3462
2700
3901
2558
1514
1845
935
4674
1792
3789
1395
4208
897
1919
2195
4686
3604
1170
2505
26
4
3089
4844
1672
2539
4291
1086
4521
1358
2860
2309
2606
2240
836
4312
3893
2123
4126
4789
75
1916
2900
752
2867
759
3169
3198
2318
1756
3959
1699
1779
1824
4434
1809
1825
4446
2701
4139
2227
3047
651
1457
1339
2712
2649
804
1186
27
266
996
2254
1793
3027
3567
4317
4263
4592
4773
2202
174
3270
3922
2206
1575
4594
4508
2176
3022
3778
4566
1232
1102
4003
4957
4544
2270
2459
840
1932
4771
2056
3981
596
390
2600
2201
295
1087
2034
336
4514
2058
4837
159
3778
33
4432
1309
1350
2818
4290
2401
2401
51
1987
4320
2486
3851
186
1158
4116
3362
1664
519
196
1147
116
3822
3561
609
2257
3958
4072
81
4462
2895
2760
4903
4028
164
379
3
4997
1410
2621
1884
122
107
69
397
278
2764
3977
4736
4314
3044
255
1353
208
1030
3434
1900
76
992
866
762
1311
3357
903
3047
4910
1912
2166
215
3331
1331
3109
2219
914
1302
4068
4238
1087
4331
3780
1454
3374
802
2917
1607
2035
1233
4723
3193
683
3518
1760
1165
2386
3736
984
1563
54
283
4792
713
1252
3402
32
1903
3314
4241
1435
2710
3261
2107
117
4074
4196
930
2197
2517
892
2270
491
2415
1254
2128
3795
4435
4750
1031
2338
1171
4956
3587
440
1526
4088
367
1655
945
490
2612
1532
3692
3048
540
4531
4550
1348
1220
3983
772
2141
1254
3131
1654
949
838
3114
954
1066
4907
2558
2822
489
256
4775
3768
2232
1476
3426
1280
2058
223
3356
1144
4529
46
2895
4530
3078
3512
2109
1907
1205
4034
522
2695
2608
3783
1039
2725
1832
2068
4723
1092
2811
4380
4261
1326
1674
4176
3424
1772
4618
1001
550
4570
4614
3616
1568
2053
2387
302
2276
3698
1876
2959
1569
1480
3823
2453
4063
2289
375
2954
4010
3021
3995
4094
3841
1400
1239
186
1914
981
3450
4531
1392
4555
816
4139
703
391
3721
1973
2599
2769
778
4120
3967
1419
3098
686
2788
4968
3391
1741
547
2578
330
957
2563
4503
352
4963
2951
3860
3050
1677
1570
3922
712
1543
3707
1976
210
726
3596
753
4599
2340
901
2312
921
211
222
2161
2104
1340
1021
2890
86
1650
1885
4458
3499
2699
4920
592
2667
2263
4181
2647
244
2260
2781
633
2500
4417
2659
897
3395
3410
4883
3654
4764
643
1781
3581
1642
1169
3145
2317
2985
4669
668
2865
3002
4090
3924
4985
2459
161
4729
2411
4886
3690
1149
953
4385
3254
2357
3690
2286
2931
1144
4637
3012
3416
287
1714
3893
1610
654
76
2961
4166
4651
2405
4548
1335
4324
1080
2339
2666
2821
1509
1781
1968
3058
2848
2175
2565
2130
1235
1992
4703
3709
845
1031
616
439
131
4649
88
2773
614
400
4412
2511
1301
1120
4835
2575
2076
364
1123
1010
1013
4832
2504
3244
1998
864
2797
1593
644
3297
3494
2625
327
1174
1684
2107
173
4767
2226
3053
2539
4901
2033
2035
3857
4072
4263
86
2566
2644
837
3719
844
3545
1672
3005
2708
1891
1751
3
2877
2586
1111
4501
3058
4474
3948
4268
2034
2397
154
535
1388
279
3771
1181
4385
2587
3025
2593
2372
669
621
2781
928
3559
4585
2426
4514
1447
2884
3487
1135
1841
332
896
406
3945
1552
1609
3681
4596
2502
283
4624
4568
1491
4781
1046
913
1033
1319
480
3445
3254
2436
4508
42
3395
1550
574
2174
3697
3350
3001
344
2667
2699
3972
1285
4296
2922
858
2949
3871
1152
2175
2247
2177
2845
2007
3898
4169
745
569
3662
3327
3795
901
1530
685
2511
1514
2623
657
3303
3299
3509
3901
1286
3979
2405
4867
2177
3694
174
365
255
2593
2012
164
18
2053
1990
4815
2446
2712
455
2783
3146
4973
1623
3312
2933
4885
1634
1507
1163
2934
4050
3018
2360
3651
737
538
2444
1788
3521
4592
3495
4663
4007
2678
3358
975
701
1861
2951
4444
2711
4759
3650
1595
2289
1869
4233
2400
1191
4646
457
1121
277
1041
4345
2068
88
933
1971
1356
1373
2895
33
3560
896
4293
4025
4645
1143
2929
348
4693
3000
3671
1411
2791
24
3450
3315
465
3030
1363
1051
2620
1104
2196
1691
775
1788
1332
1951
3623
4945
356
2284
4157
2951
4706
3891
1711
4492
4379
980
388
873
2359
1100
2290
2997
3887
3642
187
3104
2530
750
504
506
4977
403
3779
844
1599
4375
891
4983
3557
4761
3252
3501
1501
3930
4134
2525
3541
2215
1544
4562
3246
3638
435
3366
4982
1934
1291
3275
4139
4236
3388
290
1081
1980
945
1480
21
4717
3779
3902
2283
4159
1807
4552
1845
2529
2721
384
2549
2982
3945
2051
1646
1280
883
2196
573
3705
3739
2928
2301
3597
3200
3402
2012
4476
2368
2672
1168
318
3444
3646
1126
1503
1014
4025
796
2710
3288
2742
3973
4929
4231
2236
757
923
4528
3384
2702
2721
4418
128
1018
561
180
4545
4705
1435
2304
3772
798
3164
1592
1759
2877
1073
688
129
760
442
2196
2640
1883
3495
4275
998
2828
4639
1116
352
4911
1006
1608
4385
1640
2030
2345
4559
370
194
2473
2189
4256
2647
3238
3617
4066
3172
3109
4750
2034
796
2420
3716
1856
2913
2340
1199
1299
1907
4239
430
2248
2145
1054
2196
2872
4015
1558
2116
3949
1345
452
705
2005
2799
1711
196
3259
1897
1949
3458
2266
3485
4176
1908
3739
670
4154
4384
1425
1311
4191
472
731
2977
427
4274
4074
2698
2460
3720
1891
2039
4584
2393
4631
58
3650
304
4457
1831
1113
1571
1992
3396
1529
3751
46
3047
1838
1313
1352
2149
654
1240
3415
1367
3791
10
1421
1671
3001
940
1612
4917
4069
3470
2836
3275
3471
2813
3700
1351
3663
859
3563
58
1318
1916
3095
1812
2743
4731
2110
2818
3852
3021
3787
3971
443
3547
1747
4168
1680
3710
4264
1410
572
4902
4678
400
1670
4964
228
2624
4058
2304
2757
3174
1463
3069
1175
2524
78
1060
1548
1361
1783
1703
2376
164
3838
2711
1466
290
302
4799
807
1207
452
4107
1098
98
4288
4059
2552
3307
1983
3340
4932
3785
429
545
1846
4535
2817
942
3170
3224
761
1005
2910
1419
1592
4541
419
3088
3989
4272
2096
2787
1461
2715
3163
136
676
3003
690
2616
3520
614
3337
875
2223
2208
332
455
794
1999
600
1799
409
3017
1157
4159
3249
293
262
4711
3404
3327
1564
655
1048
1576
1520
690
730
4765
2856
254
2212
4990
1340
3067
1397
2058
2201
3913
1304
3305
2045
1815
1432
4890
1084
1905
3586
439
539
2490
2523
3230
843
2571
1356
216
2472
4346
2659
679
4307
2486
2996
3780
4124
3625
4119
3623
684
1800
804
2611
1370
3176
1772
3840
3165
3129
1002
4667
3145
1159
1403
843
301
2318
921
149
1908
3326
214
2147
731
1063
3271
1280
3067
991
3798
1567
3286
2561
3213
189
4256
3193
3760
451
2142
630
1362
1345
2866
4558
4571
328
1810
2472
3512
4870
1373
4494
3227
3399
2623
3762
4597
3234
1359
2706
2153
618
4015
2903
1611
4990
2572
1050
1961
372
3192
2696
1921
825
4068
4472
1475
1979
1513
1634
4288
1555
4224
4891
4307
4269
3680
4918
462
1834
2313
1493
2521
1104
2847
2784
471
2416
2241
3341
4793
2617
1298
4176
2399
4907
1776
4557
499
1158
987
3892
2569
3828
2248
660
4373
2420
4103
2124
4051
1256
4897
2478
4940
650
1262
3724
2263
2082
4838
4063
3447
3499
2414
2638
2212
143
1134
3644
4948
3288
3848
2662
2907
65
4043
891
425
580
2826
1228
475
2125
4895
2661
1604
782
2243
501
854
3356
4290
4627
4659
2699
690
2745
1633
3998
4101
4670
4830
4929
2448
4078
4015
2322
1099
4309
2239
381
289
1869
1239
4279
3746
4219
1945
4789
1976
3376
2033
3751
4646
3311
1782
4959
88
4114
3933
918
3295
3514
1767
2169
107
839
3764
1871
558
1516
136
2447
670
4711
3077
4007
2475
3432
1473
2096
1451
4711
3522
529
74
803
407
2856
534
153
1544
1800
1450
2929
161
2232
1648
3895
2491
1968
845
520
3283
1306
4648
3675
4119
4582
531
4523
4014
2189
2093
1818
4968
2939
2094
200
2206
2335
157
3596
1059
1757
3655
307
3259
174
3401
223
1923
1782
4343
4505
3625
1550
3870
3705
4957
2954
3639
1357
1168
2926
2365
1337
3483
